0;1;1136
1;0;1136
0;2;683
2;0;683
0;3;959
3;0;959
1;2;1702
2;1;1702
1;7;2838
7;1;2838
2;5;2049
5;2;2049
3;4;573
4;3;573
3;9;2349
9;3;2349
4;5;1450
5;4;1450
4;6;732
6;4;732
5;8;1128
8;5;1128
5;11;1976
11;5;1976
6;7;718
7;6;718
7;10;706
10;7;706
8;10;839
10;8;839
9;12;596
12;9;596
9;13;789
13;9;789
10;12;366
12;10;366
10;13;451
13;10;451
11;12;385
12;11;385